1659
3336
3335
c76b84dd-cbc7-4dbb-a8b3-e69cd4494bcf
3345
4937f505-87fe-446b-b4b6-299a9c8dbc1f
1699
5c7b2c26-1c35-40e5-a499-c62960b3052d
1731
3314
3323
3337
1134
3330
1740
1640
3308
1157
3408
e1ef3e8c-9bd0-4f32-9b59-fe400780c303
1143
1158
1141
1627
3351
1146
3321
1716
1630
1694
1159
71cd17be-c746-47f0-9e99-73d86ee483f0
a2459a95-248b-42e8-b5ab-f35e3d61f38b
3346
3309
1156
1136
3319
1149
1682
1598
3316
1139
1145
1160
1706
3332
3349
90493fb8-7e80-422a-9557-6f089fb30941
1154
3328
1140
5a2e17a4-8603-40ca-a056-07093b24308b
3312
3327
3305
3344
3310
1142
3318
1669
3320
1710
1635
3322
1686
1a9e85f9-05d7-499c-81a9-a253b8fefdb9
3303
3358
1654
674c1d71-d4d1-4376-b6e4-f2188a676914
3302
1138
3353
1144
1670
3311
3307
3356
1692
1151
3341
1162
1691
1672
3357
1696
1147
3334
e87ab27e-b9a7-4395-82d7-a7b2ff78ef95
3350
1742
3352
1137
1613
3306
3339
1161
8633d32f-7d0c-483e-af4b-04d4206928a5
3326
3338
1133
1721
3347
1132
3342
3355
3325
3315
3304
1148
1741
3317
3333
1603
1715
3343
3340
1155
3329
1667
3324
1650
3348
3313
dacfe80e-7963-4325-8852-80afc4415daf
1733
1747
3331
1057
3354
1135
